1 01/12/2020 1 1 1 2021 5 1 2021 25 0
2 03/12/2020 2 1 2 2021 6 2 2021 26 0
3 05/12/2020 3 1 3 2021 7 3 2021 27 1
4 12/12/2021 3 5 4 2021 6 4 2021 26 1
5 12/12/2021 2 12 7 2021 15 7 2021 25 1
6 12/12/2021 4 6 12 2022 7 12 2022 27 0
7 12/12/2021 2 15 4 2022 16 4 2022 26 0
8 12/12/2021 2 1 2 2024 1 3 2024 25 1
9 16/12/2021 5 5 2 2021 7 2 2021 27 0
10 16/12/2021 3 5 3 2022 6 3 2022 25 0
11 16/12/2021 4 5 5 2022 6 5 2022 25 0
12 16/12/2021 7 2 3 2022 5 3 2022 26 0
13 17/12/2021 3 27 3 2022 29 3 2022 5 0

14 24/09/2022 2 2 2 2022 3 1 2023 2 0
15 24/09/2022 2 5 5 2022 6 5 2022 3 0